ugongjae@ubuntu:~/CTF/codegate$ python pay.py
[+] Opening connection to 110.10.147.104 on port 15712: Done
 
*** STAGE 1 ***

18 17 16 15 14 13 12 
 9 11 13 15 17 19 21 
18 17 16 15 14 13 12 
14 16 18 20 22 24 26 
16 15 14 13 12 11 10 
 6  8 10 12 14 16 18 
22 21 20 19 18 17 16 

Answer within 10 seconds >>>
 *** STAGE 2 ***

13 40  8 31 33  1 28 

40 31 22 30 36 40 39 

32 15 32 24  7 10  7 

25 48 49 14 32 27 36 

26  9 15 21 13 15  8 

27  2 48 20  6 39 31 

45 13 37 16  6 45  9 


Answer within 10 seconds >>>
 *** STAGE 3 ***

23 11 29 26 26 21 21 

24  4 17 25 22 12 24 

28 23 25 28 26 27 26 

 8 29 32 22 28  8 18 

22 23 28 13 16  6 12 

21  6 34 23 22 25 11 

23  3 33 31 17 16 32 


Answer within 10 seconds >>>
 *** STAGE 4 ***

15 14 13 12 11 10  9 

11 13 15 17 19 21 23 

17 16 15 14 13 12 11 

16 18 20 22 24 26 28 

14 13 12 11 10  9  8 

 4  6  8 10 12 14 16 

21 20 19 18 17 16 15 


Answer within 10 seconds >>>
 *** STAGE 5 ***

18 17 16 15 14 13 12 

 9 11 13 15 17 19 21 

18 17 16 15 14 13 12 

14 16 18 20 22 24 26 

16 15 14 13 12 11 10 

 6  8 10 12 14 16 18 

22 21 20 19 18 17 16 


Answer within 10 seconds >>>
 *** STAGE 6 ***

16 16 28 19  9  3 31 

16 34 32 24 25 21 32 

32 20 27 33 21 16 34 

14 15 16 32 25  6 32 

 6  7 14  9 33 31 26 

10 29 32 21 18 15 31 

29 24 16 26 33 25 29 


Answer within 10 seconds >>>
 *** STAGE 7 ***

27 10 10 14  7 18 14 

24 29 20  6  8 31 32 

15 28  3 29  8 18 26 

12 28 26 34 25  6  9 

 7 31 10 19 25 12 18 

 5  4 13 14  6  9 14 

 7 25 23 29 34 24 33 


Answer within 10 seconds >>>
 *** STAGE 8 ***

17  6  7  8  9 10 11 

 9 10  2 12 13 14 11 

13 12 11 10  9  8  7 

 7  8  9 10 11 12 13 

10 12 14  3 18 20 22 

15 14 13  7 11 10  9 

 4  7  8  2 10 11 12 


Answer within 10 seconds >>>
 *** STAGE 9 ***

17 33 26 15 28  6 19 

23  6 16 27  6 16 15 

32 16 13 30 30  9 27 

27 31 16 34 13 14 28 

 3 12 32 30 24 26  3 

22  6 26  5  6  6  9 

34 28 25 28 23  7  7 


Answer within 10 seconds >>>
 *** STAGE 10 ***

 3 24 28 35 12 13 37 

 1 16 27 28  6 31  7 

18 24 35 24  7 10  3 

45 37 32 25 34 24 44 

25 22  3 33  3 17  9 

 9 11  7  6 29  7  2 

11 11  5 20 26 42  3 


Answer within 10 seconds >>>
 *** STAGE 11 ***

30 27 14 19 11  6  3 

19 14 14 13 27 34 21 

11 21 12 15 12 20 23 

28 34 15 12 17  6 22 

21 34 20  8 24 31  7 

18 13  8  4 27 15 26 

24 26 18 19 21 20 29 


Answer within 10 seconds >>>
 *** STAGE 12 ***

31 35 15 29  4  4  9 

16 26 40 38 37 23 12 

10 34 46  3  3 19 32 

 2 29 16 45 37  6 27 

29  5  4 23 10 45 41 

 9 39 19 12  7  9 40 

30 48 48 48 12 15 19 


Answer within 10 seconds >>>
 *** STAGE 13 ***

10 11 12 13 14 15 16 

 8  9 10 11 12 13 14 

20 19 18 17 16 15 14 

11 12 13 14 15 16 17 

12 14 16 18 20 22 24 

21 20 19 18 17 16 15 

12 13 14 15 16 17 18 


Answer within 10 seconds >>>
 *** STAGE 14 ***

 3 24 28 35 12 13 37 

 1 16 27 28  6 31  7 

18 24 35 24  7 10  3 

45 37 32 25 34 24 44 

25 22  3 33  3 17  9 

 9 11  7  6 29  7  2 

11 11  5 20 26 42  3 


Answer within 10 seconds >>>
 *** STAGE 15 ***

 6  7  8  9 10 11 12 

10 11 12 13 14 15 16 

13 12 11 10  9  8  7 

 5  6  7  8  9 10 12 

 6  8 10 12 14 16 18 

12 11 10  9  8  7  6 

 8  9 10 11 12 13 14 


Answer within 10 seconds >>>
 *** STAGE 16 ***

 7 10 33 14 37 31 34 

31 14 31 37 37 19 21 

47 44  4 29 13 20 14 

47  3 13 21 29  7  8 

30 27 29 31 42  6 14 

 7 15 40  1 24 24  7 

42 35 36 31 26 39 31 


Answer within 10 seconds >>>
 *** STAGE 17 ***

 9 10 11 12 13 14 15 

14 15 16 17 18 19 20 

20 19 18 17 16 15 14 

12 13 14 15 16 17 18 

 6  8 10 12 14 16 18 

20 19 18 17 16 15 14 

12 13 14 15 16 17 18 


Answer within 10 seconds >>>
 *** STAGE 18 ***

 4  5  6  7  8  9 10 

 7  8  9 10 11 12 13 

17 16 15 14 13 12 11 

 6  7  8  9 10 11 12 

 7  9 11 13 15 17 19 

11 10  9  8  7  6  5 

 4  5  6  7  8  9 10 


Answer within 10 seconds >>>
 *** STAGE 19 ***

 6  7  8  9 10 11 12 

10 11 12 13 14 15 16 

13 12 11 10  9  8  7 

 5  6  7  8  9 10 12 

 6  8 10 12 14 16 18 

12 11 10  9  8  7  6 

 8  9 10 11 12 13 14 


Answer within 10 seconds >>>
 *** STAGE 20 ***

13 40  8 31 33  1 28 

40 31 22 30 36 40 39 

32 15 32 24  7 10  7 

25 48 49 14 32 27 36 

26  9 15 21 13 15  8 

27  2 48 20  6 39 31 

45 13 37 16  6 45  9 


Answer within 10 seconds >>>
 *** STAGE 21 ***

19 17 10 16 15 15  8 

12 15 16 11 15 18 17 

12 17 15  9 16 13  8 

14 17 11  9 13 15 10 

14 18  9  9 16 13 14 

14 17  9 10  8 19 17 

13  9 15 12 10 10 19 


Answer within 10 seconds >>>
 *** STAGE 22 ***

13 12 11 10  9  8  7 

 2  4  6  8 10 12 14 

12 11 10  9  8  7  6 

 7  9 11 13 15 17 19 

11 10  9  8  7  6  5 

 5  7  9 11 13 15 17 

14 13 12 11 10  9  8 


Answer within 10 seconds >>>
 *** STAGE 23 ***

21 28 37 40 11 21 48 

11 40  9  4 29 20 34 

15 10 48 38 47 17 46 

35 21 21 48 10 35 45 

 8  3 45 23 16 43 31 

32 17 49 29 14 42 24 

 7 26 13  1 20  9 35 


Answer within 10 seconds >>>
 *** STAGE 24 ***

31 35 15 29  4  4  9 

16 26 40 38 37 23 12 

10 34 46  3  3 19 32 

 2 29 16 45 37  6 27 

29  5  4 23 10 45 41 

 9 39 19 12  7  9 40 

30 48 48 48 12 15 19 


Answer within 10 seconds >>>
 *** STAGE 25 ***

 9 17 16 19 11 14 13 

14 18 18  8  8 15 10 

17 13 17 11 13 18 10 

 8 17 19 11 13 10 11 

10 11 14 13  8 15 10 

10 11 16 17  9  8 11 

13  9 10 19  8 11 18 


Answer within 10 seconds >>>
 *** STAGE 26 ***

32 31 30 29 28 27 26 

27 29 31 33 35 37 39 

18 17 16 15 14 13 12 

16 18 20 22 24 26 28 

31 30 29 28 27 26 25 

29 31 33 35 37 39 41 

26 25 24 23 22 21 20 


Answer within 10 seconds >>>
 *** STAGE 27 ***

13 12 11 10  9  8  7 

 6  8 10 12 14 16 18 

15 14 13 12 11 10  9 

 6  8 10 12 14 16 18 

15 14 13 12 11 10  9 

 8 10 12 14 16 18 20 

16 15 14 13 12 11 10 


Answer within 10 seconds >>>
 *** STAGE 28 ***

17 23 10  5 24 16 48 

18 18 23 17 20 38 21 

32 29 28  7 26  8 29 

37 24 41 42 30 31 36 

39  5 11 11  2  1 39 

35 35 32 22  1 30 46 

46 40 17 19  6 15 14 


Answer within 10 seconds >>>
 *** STAGE 29 ***

17 33 26 15 28  6 19 

23  6 16 27  6 16 15 

32 16 13 30 30  9 27 

27 31 16 34 13 14 28 

 3 12 32 30 24 26  3 

22  6 26  5  6  6  9 

34 28 25 28 23  7  7 


Answer within 10 seconds >>>
 *** STAGE 30 ***

11 12 15 16 12  8 12 

10 11 14 13 17 16 14 

11  8 10 19 11 12 15 

11 15 18  8 10 15 11 

16 14 12 16  8 16 14 

16 16 10 13 12 12 19 

 8 15 11  9 13 13 17 


Answer within 10 seconds >>>
 *** STAGE 31 ***

 6  7  8  9 10 11 12 

10 11 12 13 14 15 16 

13 12 11 10  9  8  7 

 5  6  7  8  9 10 12 

 6  8 10 12 14 16 18 

12 11 10  9  8  7  6 

 8  9 10 11 12 13 14 


Answer within 10 seconds >>>
 *** STAGE 32 ***

 3 43 11  9 26  6  4 

 6 49 46 11 38 37 27 

 5 43 31 42  1 48  8 

28 32 12 43 48 30 26 

19 29 36  1  1 49 12 

38  5 15 22 37 40 31 

28 14 42 19 44 31 48 


Answer within 10 seconds >>>
 *** STAGE 33 ***

19 17 10 16 15 15  8 

12 15 16 11 15 18 17 

12 17 15  9 16 13  8 

14 17 11  9 13 15 10 

14 18  9  9 16 13 14 

14 17  9 10  8 19 17 

13  9 15 12 10 10 19 


Answer within 10 seconds >>>
 *** STAGE 34 ***

 4  8  9 10 11 12 13 

 5  9  7  8  9  8  5 

11 10  9  8  7  6  5 

 8  9 10 11 12 13 14 

 9 11 13 15 17 19 21 

13 12 11 10  9  8  7 

10 11 12 13 14 15 16 


Answer within 10 seconds >>>
 *** STAGE 35 ***

11 12 15 16 12  8 12 

10 11 14 13 17 16 14 

11  8 10 19 11 12 15 

11 15 18  8 10 15 11 

16 14 12 16  8 16 14 

16 16 10 13 12 12 19 

 8 15 11  9 13 13 17 


Answer within 10 seconds >>>
 *** STAGE 36 ***

12 39 14 20 31 20 29 

31 38  4 29  7 47 16 

44 15 27 31 31 47  7 

29 46 23  3 31 15 25 

 5 22  7  9 48 37 17 

29 13 17  7 45 38 15 

18 10 10 32 32 33 30 


Answer within 10 seconds >>>
 *** STAGE 37 ***

17 15 19  9 19  9 14 

12 13 19 11  8 18  8 

16 14  9 12 12 19 11 

14 19 17 15 14 11 19 

15 10 11 19 12 15 18 

19 19 16 14 10 12  9 

 9 17 15 15 12 19  9 


Answer within 10 seconds >>>
 *** STAGE 38 ***

13 12 11 10  9  8  7 

 2  4  6  8 10 12 14 

12 11 10  9  8  7  6 

 7  9 11 13 15 17 19 

11 10  9  8  7  6  5 

 5  7  9 11 13 15 17 

14 13 12 11 10  9  8 


Answer within 10 seconds >>>
 *** STAGE 39 ***

 6  7  8  9 10 11 12 

10 11 12 13 14 15 16 

13 12 11 10  9  8  7 

 5  6  7  8  9 10 12 

 6  8 10 12 14 16 18 

12 11 10  9  8  7  6 

 8  9 10 11 12 13 14 


Answer within 10 seconds >>>
 *** STAGE 40 ***

 3 27 28 31 18 29 13 

15 29 12  3 23 14 30 

19 20 14 25 29 25 24 

27  5 29 10 32 11 31 

12 15 12 15 19  9 34 

17 21 13  8 27 26 30 

25 31 12  7 22 31  8 


Answer within 10 seconds >>>
 *** STAGE 41 ***

26 25 24 23 22 21 20 

11 13 15 17 19 21 23 

17 16 15 14 13 12 11 

 7  9 11 13 15 17 19 

36 35 34 33 32 31 30 

20 22 24 26 28 30 32 

22 21 20 19 18 17 16 


Answer within 10 seconds >>>
 *** STAGE 42 ***

46 47 31 15 12  2 13 

 4 17 25 36 15 23 13 

36 29 18 15  5 45 33 

 1 14 22 36  1 18 17 

37 42 37 37 22 10 47 

28 22 28 42 38  7  3 

48 26  7 23  8 41 48 


Answer within 10 seconds >>>
 *** STAGE 43 ***

 6  7  8  9 10 11 12 

10 11 12 13 14 15 16 

13 12 11 10  9  8  7 

 5  6  7  8  9 10 12 

 6  8 10 12 14 16 18 

12 11 10  9  8  7  6 

 8  9 10 11 12 13 14 


Answer within 10 seconds >>>
 *** STAGE 44 ***

16 16 28 19  9  3 31 

16 34 32 24 25 21 32 

32 20 27 33 21 16 34 

14 15 16 32 25  6 32 

 6  7 14  9 33 31 26 

10 29 32 21 18 15 31 

29 24 16 26 33 25 29 


Answer within 10 seconds >>>
 *** STAGE 45 ***

 5  9 12 24 45 27 48 

 5 17 21  7 41 28 36 

 6 18 25 13 43 16 38 

 6 30 26 13 13  7  5 

28 39 14  8 15  4 25 

 2 46 16 36 14 39 20 

 9 38 38 36 14 46 31 


Answer within 10 seconds >>>
 *** STAGE 46 ***

20  5 33 23 10  6 12 

31 34 22 13  7 25  9 

22 31  4  5 18 29  9 

 4  4  4 21  6 20  9 

18 10 14 31 12  6 12 

31  7  4  6 29 27 26 

15 11 29 24 18 10 34 


Answer within 10 seconds >>>
 *** STAGE 47 ***

18 17 16 15 14 13 12 

 9 11 13 15 17 19 21 

18 17 16 15 14 13 12 

14 16 18 20 22 24 26 

16 15 14 13 12 11 10 

 6  8 10 12 14 16 18 

22 21 20 19 18 17 16 


Answer within 10 seconds >>>
 *** STAGE 48 ***

32 31 30 29 28 27 26 

27 29 31 33 35 37 39 

18 17 16 15 14 13 12 

16 18 20 22 24 26 28 

31 30 29 28 27 26 25 

29 31 33 35 37 39 41 

26 25 24 23 22 21 20 


Answer within 10 seconds >>>
 *** STAGE 49 ***

24 23 22 21 20 19 18 

12 14 16 18 20 22 24 

29 28 27 26 25 24 23 

23 25 27 29 31 33 35 

32 31 30 29 28 27 26 

 8 10 12 14 16 18 20 

19 18 17 16 15 14 13 


Answer within 10 seconds >>>
 *** STAGE 50 ***

 3 24 28 35 12 13 37 

 1 16 27 28  6 31  7 

18 24 35 24  7 10  3 

45 37 32 25 34 24 44 

25 22  3 33  3 17  9 

 9 11  7  6 29  7  2 

11 11  5 20 26 42  3 


Answer within 10 seconds >>>
 *** STAGE 51 ***

11 12 15 16 12  8 12 

10 11 14 13 17 16 14 

11  8 10 19 11 12 15 

11 15 18  8 10 15 11 

16 14 12 16  8 16 14 

16 16 10 13 12 12 19 

 8 15 11  9 13 13 17 


Answer within 10 seconds >>>
 *** STAGE 52 ***

 3 43 11  9 26  6  4 

 6 49 46 11 38 37 27 

 5 43 31 42  1 48  8 

28 32 12 43 48 30 26 

19 29 36  1  1 49 12 

38  5 15 22 37 40 31 

28 14 42 19 44 31 48 


Answer within 10 seconds >>>
 *** STAGE 53 ***

19 17 10 16 15 15  8 

12 15 16 11 15 18 17 

12 17 15  9 16 13  8 

14 17 11  9 13 15 10 

14 18  9  9 16 13 14 

14 17  9 10  8 19 17 

13  9 15 12 10 10 19 


Answer within 10 seconds >>>
 *** STAGE 54 ***

 4  8  9 10 11 12 13 

 5  9  7  8  9  8  5 

11 10  9  8  7  6  5 

 8  9 10 11 12 13 14 

 9 11 13 15 17 19 21 

13 12 11 10  9  8  7 

10 11 12 13 14 15 16 


Answer within 10 seconds >>>
 *** STAGE 55 ***

10 11 12 13 14 15 16 

 8  9 10 11 12 13 14 

20 19 18 17 16 15 14 

11 12 13 14 15 16 17 

12 14 16 18 20 22 24 

21 20 19 18 17 16 15 

12 13 14 15 16 17 18 


Answer within 10 seconds >>>
 *** STAGE 56 ***

 5  6 41  1 42 16 11 

31 11 33 47  4 36 40 

46 22  8 35  7 22 31 

 7 33 25 23 37 39 37 

41 45 46 39 23 44 40 

24 36  4  5  2 28 43 

28 41  1 47 47  9 15 


Answer within 10 seconds >>>
 *** STAGE 57 ***

17 15 19  9 19  9 14 

12 13 19 11  8 18  8 

16 14  9 12 12 19 11 

14 19 17 15 14 11 19 

15 10 11 19 12 15 18 

19 19 16 14 10 12  9 

 9 17 15 15 12 19  9 


Answer within 10 seconds >>>
 *** STAGE 58 ***

 4  8  9 10 11 12 13 

 5  9  7  8  9  8  5 

11 10  9  8  7  6  5 

 8  9 10 11 12 13 14 

 9 11 13 15 17 19 21 

13 12 11 10  9  8  7 

10 11 12 13 14 15 16 


Answer within 10 seconds >>>
 *** STAGE 59 ***

11 12 15 16 12  8 12 

10 11 14 13 17 16 14 

11  8 10 19 11 12 15 

11 15 18  8 10 15 11 

16 14 12 16  8 16 14 

16 16 10 13 12 12 19 

 8 15 11  9 13 13 17 


Answer within 10 seconds >>>
 *** STAGE 60 ***

16 16 28 19  9  3 31 

16 34 32 24 25 21 32 

32 20 27 33 21 16 34 

14 15 16 32 25  6 32 

 6  7 14  9 33 31 26 

10 29 32 21 18 15 31 

29 24 16 26 33 25 29 


Answer within 10 seconds >>>
 *** STAGE 61 ***

25 23 11 34 39  9 39 

40 22 22 42 39  1 39 

 7 24  7 16 34  2 17 

25 20  9 11 22 30 11 

45 40  2 12 13  8 15 

44 17  1 19  1 10 35 

17 36 45 26 43 45  7 


Answer within 10 seconds >>>
 *** STAGE 62 ***

19 17 10 16 15 15  8 

12 15 16 11 15 18 17 

12 17 15  9 16 13  8 

14 17 11  9 13 15 10 

14 18  9  9 16 13 14 

14 17  9 10  8 19 17 

13  9 15 12 10 10 19 


Answer within 10 seconds >>>
 *** STAGE 63 ***

18 17 16 15 14 13 12 

 9 11 13 15 17 19 21 

18 17 16 15 14 13 12 

14 16 18 20 22 24 26 

16 15 14 13 12 11 10 

 6  8 10 12 14 16 18 

22 21 20 19 18 17 16 


Answer within 10 seconds >>>
 *** STAGE 64 ***

11 10  9  8  7  6  5 

 3  6  9 12 15 18 21 

13 12 11 10  9  8  7 

 2  5  8 11 14 17 20 

13 12 11 10  9  8  7 

 4  7 10 13 16 19 22 

12 11 10  9  8  7  6 


Answer within 10 seconds >>>
 *** STAGE 65 ***

19 17 10 16 15 15  8 

12 15 16 11 15 18 17 

12 17 15  9 16 13  8 

14 17 11  9 13 15 10 

14 18  9  9 16 13 14 

14 17  9 10  8 19 17 

13  9 15 12 10 10 19 


Answer within 10 seconds >>>
 *** STAGE 66 ***

13 14 15 16 17 18 19 

 8  9 10 11 12 13 14 

21 20 19 18 17 16 15 

10 11 12 13 14 15 16 

 6  8 10 12 14 16 18 

16 15 14 13 12 11 10 

 4  5  6  7  8  9 10 


Answer within 10 seconds >>>
 *** STAGE 67 ***

 6  7  8  9 10 11 12 

10 11 12 13 14 15 16 

13 12 11 10  9  8  7 

 5  6  7  8  9 10 12 

 6  8 10 12 14 16 18 

12 11 10  9  8  7  6 

 8  9 10 11 12 13 14 


Answer within 10 seconds >>>
 *** STAGE 68 ***

19 18 17 16 15 14 13 

13 15 17 19 21 23 25 

30 29 28 27 26 25 24 

15 17 19 21 23 25 27 

32 31 30 29 28 27 26 

13 15 17 19 21 23 25 

35 34 33 32 31 30 29 


Answer within 10 seconds >>>
 *** STAGE 69 ***

30 27 14 19 11  6  3 

19 14 14 13 27 34 21 

11 21 12 15 12 20 23 

28 34 15 12 17  6 22 

21 34 20  8 24 31  7 

18 13  8  4 27 15 26 

24 26 18 19 21 20 29 


Answer within 10 seconds >>>
 *** STAGE 70 ***

13 14 15 16 17 18 19 

 8  9 10 11 12 13 14 

21 20 19 18 17 16 15 

10 11 12 13 14 15 16 

 6  8 10 12 14 16 18 

16 15 14 13 12 11 10 

 4  5  6  7  8  9 10 


Answer within 10 seconds >>>
 *** STAGE 71 ***

 6  7  8  9 10 11 12 

10 11 12 13 14 15 16 

13 12 11 10  9  8  7 

 5  6  7  8  9 10 12 

 6  8 10 12 14 16 18 

12 11 10  9  8  7  6 

 8  9 10 11 12 13 14 


Answer within 10 seconds >>>
 *** STAGE 72 ***

 3 43 11  9 26  6  4 

 6 49 46 11 38 37 27 

 5 43 31 42  1 48  8 

28 32 12 43 48 30 26 

19 29 36  1  1 49 12 

38  5 15 22 37 40 31 

28 14 42 19 44 31 48 


Answer within 10 seconds >>>
 *** STAGE 73 ***

24 23 22 21 20 19 18 

12 14 16 18 20 22 24 

29 28 27 26 25 24 23 

23 25 27 29 31 33 35 

32 31 30 29 28 27 26 

 8 10 12 14 16 18 20 

19 18 17 16 15 14 13 


Answer within 10 seconds >>>
 *** STAGE 74 ***

18  3 31 34 12 12 25 

 9 29 10 29 29  3 15 

32  8 18 34  8 28 27 

18 13 30 12 10 24  6 

13 11 23  7 18 29 24 

28 34 18 11 25 32 21 

30  3 25 26 27 25 24 


Answer within 10 seconds >>>
 *** STAGE 75 ***

15 14 13 12 11 10  9 

11 13 15 17 19 21 23 

17 16 15 14 13 12 11 

16 18 20 22 24 26 28 

14 13 12 11 10  9  8 

 4  6  8 10 12 14 16 

21 20 19 18 17 16 15 


Answer within 10 seconds >>>
 *** STAGE 76 ***

 4  5  6  7  8  9 10 

 7  8  9 10 11 12 13 

17 16 15 14 13 12 11 

 6  7  8  9 10 11 12 

 7  9 11 13 15 17 19 

11 10  9  8  7  6  5 

 4  5  6  7  8  9 10 


Answer within 10 seconds >>>
 *** STAGE 77 ***

19 17 10 16 15 15  8 

12 15 16 11 15 18 17 

12 17 15  9 16 13  8 

14 17 11  9 13 15 10 

14 18  9  9 16 13 14 

14 17  9 10  8 19 17 

13  9 15 12 10 10 19 


Answer within 10 seconds >>>
 *** STAGE 78 ***

13 14 15 16 17 18 19 

 8  9 10 11 12 13 14 

21 20 19 18 17 16 15 

10 11 12 13 14 15 16 

 6  8 10 12 14 16 18 

16 15 14 13 12 11 10 

 4  5  6  7  8  9 10 


Answer within 10 seconds >>>
 *** STAGE 79 ***

 5  6  7  8  9 10 11 

 9 10 11 12 13 14 15 

13 12 11 10  9  8  7 

 7  8  9 10 11 12 13 

10 12 14 16 18 20 22 

15 14 13 12 11 10  9 

 6  7  8  9 10 11 12 


Answer within 10 seconds >>>
 *** STAGE 80 ***

 4  5  6  7  8  9 10 

 7  8  9 10 11 12 13 

17 16 15 14 13 12 11 

 6  7  8  9 10 11 12 

 7  9 11 13 15 17 19 

11 10  9  8  7  6  5 

 4  5  6  7  8  9 10 


Answer within 10 seconds >>>
 *** STAGE 81 ***

19 17 10 16 15 15  8 

12 15 16 11 15 18 17 

12 17 15  9 16 13  8 

14 17 11  9 13 15 10 

14 18  9  9 16 13 14 

14 17  9 10  8 19 17 

13  9 15 12 10 10 19 


Answer within 10 seconds >>>
 *** STAGE 82 ***

13 14 15 16 17 18 19 

 8  9 10 11 12 13 14 

21 20 19 18 17 16 15 

10 11 12 13 14 15 16 

 6  8 10 12 14 16 18 

16 15 14 13 12 11 10 

 4  5  6  7  8  9 10 


Answer within 10 seconds >>>
 *** STAGE 83 ***

 6  7  8  9 10 11 12 

10 11 12 13 14 15 16 

13 12 11 10  9  8  7 

 5  6  7  8  9 10 12 

 6  8 10 12 14 16 18 

12 11 10  9  8  7  6 

 8  9 10 11 12 13 14 


Answer within 10 seconds >>>
 *** STAGE 84 ***

 5  6 41  1 42 16 11 

31 11 33 47  4 36 40 

46 22  8 35  7 22 31 

 7 33 25 23 37 39 37 

41 45 46 39 23 44 40 

24 36  4  5  2 28 43 

28 41  1 47 47  9 15 


Answer within 10 seconds >>>
 *** STAGE 85 ***

26 25 24 23 22 21 20 

11 13 15 17 19 21 23 

17 16 15 14 13 12 11 

 7  9 11 13 15 17 19 

36 35 34 33 32 31 30 

20 22 24 26 28 30 32 

22 21 20 19 18 17 16 


Answer within 10 seconds >>>
 *** STAGE 86 ***

 4 34 23  5  4 15 16 

18 12  9 28  6  4 24 

17 22  4 23  7 11 30 

25  8  5 20  4 15 18 

10  7 14 12 30 29  3 

31 10  6 26 29 32 33 

 6 18 34 28 27 33 21 


Answer within 10 seconds >>>
 *** STAGE 87 ***

15 14 13 12 11 10  9 

 9 11 13 15 17 19 21 

15 14 13 12 11 10  9 

 6  8 10 12 14 16 18 

16 15 14 13 12 11 10 

 6  8 10 12 14 16 18 

16 15 14 13 12 11 10 


Answer within 10 seconds >>>
 *** STAGE 88 ***

13 14 15 16 17 18 19 

 8  9 10 11 12 13 14 

21 20 19 18 17 16 15 

10 11 12 13 14 15 16 

 6  8 10 12 14 16 18 

16 15 14 13 12 11 10 

 4  5  6  7  8  9 10 


Answer within 10 seconds >>>
 *** STAGE 89 ***

30 27 14 19 11  6  3 

19 14 14 13 27 34 21 

11 21 12 15 12 20 23 

28 34 15 12 17  6 22 

21 34 20  8 24 31  7 

18 13  8  4 27 15 26 

24 26 18 19 21 20 29 


Answer within 10 seconds >>>
 *** STAGE 90 ***

46 47 31 15 12  2 13 

 4 17 25 36 15 23 13 

36 29 18 15  5 45 33 

 1 14 22 36  1 18 17 

37 42 37 37 22 10 47 

28 22 28 42 38  7  3 

48 26  7 23  8 41 48 


Answer within 10 seconds >>>
 *** STAGE 91 ***

27 40 15 17 31  3 32 

33  8 12 24 17  9  5 

23 30 10 30 29 36 45 

23 21 48 13 23 11 19 

49 26 46 14 26  6 45 

25 30 19  5 42 11 19 

48 33 24 13 23  5 33 


Answer within 10 seconds >>>
 *** STAGE 92 ***

 4  5  6  7  8  9 10 

 7  8  9 10 11 12 13 

17 16 15 14 13 12 11 

 6  7  8  9 10 11 12 

 7  9 11 13 15 17 19 

11 10  9  8  7  6  5 

 4  5  6  7  8  9 10 


Answer within 10 seconds >>>
 *** STAGE 93 ***

22 17 28 25 28 12 14 

 4 22 18 20 29  6 18 

 5  6 33 27 16 22 34 

27 21 33 18  3 22 18 

10  9 19  5 27  7 32 

12 24  9 25 13 18 16 

 7  6  7 10 34 10 30 


Answer within 10 seconds >>>
 *** STAGE 94 ***

19  5 23 30 18  3 23 

30 32 16 23 21 22 22 

 5 19  4 13 26 29 22 

27 21 31 34  8 29  7 

 4 21  4  3 29 17 18 

23 27 32 11 10 16 14 

28  3 33 26 15 27 24 


Answer within 10 seconds >>>
 *** STAGE 95 ***

13 12 11 10  9  8  7 

 6  8 10 12 14 16 18 

15 14 13 12 11 10  9 

 6  8 10 12 14 16 18 

15 14 13 12 11 10  9 

 8 10 12 14 16 18 20 

16 15 14 13 12 11 10 


Answer within 10 seconds >>>
 *** STAGE 96 ***

17 23 10  5 24 16 48 

18 18 23 17 20 38 21 

32 29 28  7 26  8 29 

37 24 41 42 30 31 36 

39  5 11 11  2  1 39 

35 35 32 22  1 30 46 

46 40 17 19  6 15 14 


Answer within 10 seconds >>>
 *** STAGE 97 ***

17 33 26 15 28  6 19 

23  6 16 27  6 16 15 

32 16 13 30 30  9 27 

27 31 16 34 13 14 28 

 3 12 32 30 24 26  3 

22  6 26  5  6  6  9 

34 28 25 28 23  7  7 


Answer within 10 seconds >>>
 *** STAGE 98 ***

19  5 23 30 18  3 23 

30 32 16 23 21 22 22 

 5 19  4 13 26 29 22 

27 21 31 34  8 29  7 

 4 21  4  3 29 17 18 

23 27 32 11 10 16 14 

28  3 33 26 15 27 24 


Answer within 10 seconds >>>
 *** STAGE 99 ***

13 12 11 10  9  8  7 

 6  8 10 12 14 16 18 

15 14 13 12 11 10  9 

 6  8 10 12 14 16 18 

15 14 13 12 11 10  9 

 8 10 12 14 16 18 20 

16 15 14 13 12 11 10 


Answer within 10 seconds >>>
 *** STAGE 100 ***

17 23 10  5 24 16 48 

18 18 23 17 20 38 21 

32 29 28  7 26  8 29 

37 24 41 42 30 31 36 

39  5 11 11  2  1 39 

35 35 32 22  1 30 46 

46 40 17 19  6 15 14 


Answer within 10 seconds >>>
 @@@@@ Congratz! Your answers are an answer

FLAG : g00ooOOd_j0B!!!___uncomfort4ble__s3curity__is__n0t__4__security!!!!!
[*] Closed connection to 110.10.147.104 port 15712
